31 0.142 0.31733333333333336 0.28 0.432
31 0.191 0.7346666666666667 0.378 0.5306666666666666
31 0.591 0.6053333333333333 0.278 0.448
31 0.786 0.5706666666666667 0.3 0.45866666666666667
31 0.736 0.7786666666666666 0.528 0.44266666666666665
31 0.863 0.20266666666666666 0.174 0.23466666666666666
31 0.944 0.13466666666666666 0.112 0.24266666666666667
31 0.417 0.31866666666666665 0.19 0.248
31 0.56 0.4093333333333333 0.316 0.424
31 0.609 0.22 0.09 0.088
31 0.311 0.12266666666666666 0.222 0.24
31 0.101 0.05333333333333334 0.198 0.10133333333333333
31 0.87 0.09733333333333333 0.204 0.18933333333333333
31 0.513 0.08533333333333333 0.186 0.16533333333333333
31 0.671 0.08266666666666667 0.134 0.16
