21 0.509 0.20133333333333334 0.102 0.072
21 0.361 0.2693333333333333 0.094 0.06933333333333333
21 0.466 0.3546666666666667 0.092 0.09066666666666667
21 0.309 0.36 0.118 0.17066666666666666
21 0.377 0.436 0.102 0.17866666666666667
21 0.496 0.54 0.18 0.31733333333333336
21 0.646 0.43066666666666664 0.184 0.392
21 0.818 0.6226666666666667 0.216 0.44
21 0.121 0.6293333333333333 0.166 0.352
21 0.027 0.76 0.05 0.32
21 0.069 0.396 0.134 0.168
21 0.065 0.484 0.126 0.14666666666666667
21 0.152 0.3333333333333333 0.044 0.13333333333333333
21 0.119 0.36533333333333334 0.05 0.10666666666666667
21 0.089 0.304 0.046 0.10666666666666667
21 0.088 0.15866666666666668 0.072 0.16266666666666665
21 0.032 0.152 0.056 0.15466666666666667
21 0.959 0.64 0.082 0.33066666666666666
21 0.949 0.29733333333333334 0.082 0.17866666666666667
21 0.95 0.45466666666666666 0.1 0.152
