31 0.745 0.46 0.31 0.236
31 0.625 0.334 0.298 0.076
31 0.692 0.319 0.304 0.074
31 0.302 0.406 0.308 0.284
31 0.07 0.312 0.136 0.192
31 0.302 0.238 0.188 0.048
31 0.526 0.25 0.124 0.06
31 0.539 0.237 0.258 0.074
31 0.497 0.472 0.238 0.248
31 0.928 0.257 0.116 0.066
31 0.147 0.363 0.262 0.218
31 0.954 0.326 0.092 0.16
31 0.976 0.21 0.044 0.064
31 0.788 0.246 0.1 0.072
31 0.81 0.263 0.124 0.054
31 0.881 0.39 0.114 0.228
31 0.673 0.259 0.138 0.078
31 0.273 0.279 0.05 0.058
31 0.182 0.251 0.104 0.05
