21 0.7933333333333333 0.683 0.09333333333333334 0.262
21 0.532 0.667 0.04 0.066
21 0.5573333333333333 0.671 0.037333333333333336 0.062
21 0.612 0.687 0.06666666666666667 0.086
19 0.724 0.895 0.14133333333333334 0.182
19 0.8813333333333333 0.802 0.12533333333333332 0.08
19 0.628 0.909 0.184 0.182
19 0.7946666666666666 0.922 0.18666666666666668 0.156
33 0.8013333333333333 0.907 0.392 0.186
0 0.32266666666666666 0.808 0.176 0.384
0 0.47333333333333333 0.653 0.104 0.098
0 0.47733333333333333 0.8 0.13866666666666666 0.316
0 0.152 0.692 0.058666666666666666 0.164
0 0.20133333333333334 0.697 0.050666666666666665 0.146
