33 0.73 0.5240963855421686 0.284 0.16265060240963855
33 0.665 0.42771084337349397 0.122 0.05421686746987952
33 0.39 0.4743975903614458 0.196 0.10542168674698796
33 0.296 0.40813253012048195 0.104 0.06325301204819277
33 0.127 0.46987951807228917 0.198 0.13855421686746988
33 0.431 0.7786144578313253 0.534 0.4367469879518072
19 0.941 0.5180722891566265 0.074 0.13855421686746988
19 0.823 0.6370481927710844 0.122 0.2319277108433735
19 0.718 0.7439759036144579 0.108 0.3192771084337349
19 0.617 0.552710843373494 0.118 0.1536144578313253
19 0.795 0.4397590361445783 0.042 0.060240963855421686
19 0.563 0.44126506024096385 0.054 0.11746987951807229
19 0.502 0.4352409638554217 0.02 0.0391566265060241
19 0.473 0.5015060240963856 0.082 0.09337349397590361
19 0.384 0.4036144578313253 0.044 0.03614457831325301
19 0.26 0.4924698795180723 0.064 0.10542168674698796
19 0.135 0.4924698795180723 0.098 0.11144578313253012
19 0.039 0.5647590361445783 0.074 0.12951807228915663
19 0.108 0.7876506024096386 0.2 0.3704819277108434
19 0.461 0.927710843373494 0.322 0.14457831325301204
