34 0.5546875 0.496875 0.875 0.96875
34 0.946875 0.73046875 0.103125 0.1703125
34 0.74140625 0.73515625 0.0765625 0.1453125
34 0.70546875 0.73671875 0.0640625 0.1359375
34 0.88359375 0.7375 0.0984375 0.15
34 0.1203125 0.73828125 0.084375 0.1015625
34 0.35078125 0.7375 0.0640625 0.1125
34 0.7875 0.7390625 0.0625 0.134375
34 0.2890625 0.7421875 0.071875 0.121875
34 0.23515625 0.74453125 0.0671875 0.1109375
34 0.18046875 0.7453125 0.0640625 0.11875
34 0.89765625 0.74609375 0.0609375 0.1203125
34 0.03984375 0.74765625 0.0734375 0.1140625
34 0.82109375 0.74921875 0.0859375 0.1515625
34 0.23671875 0.75390625 0.0328125 0.0796875
34 0.29921875 0.7640625 0.1078125 0.08125
34 0.4453125 0.76484375 0.15625 0.0953125
34 0.696875 0.76640625 0.05625 0.0890625
34 0.78125 0.775 0.04375 0.075
34 0.74453125 0.78359375 0.0609375 0.0609375
34 0.8125 0.7828125 0.046875 0.071875
34 0.54921875 0.78671875 0.0390625 0.0671875
