34 0.5015625 0.5015625 1.0 1.0
34 0.94453125 0.6640625 0.0828125 0.196875
34 0.771875 0.7140625 0.115625 0.165625
34 0.73515625 0.72421875 0.1015625 0.1546875
34 0.91484375 0.6859375 0.1390625 0.178125
34 0.140625 0.85078125 0.1125 0.1234375
34 0.375 0.80078125 0.09375 0.1296875
34 0.81953125 0.7078125 0.0984375 0.15
34 0.3125 0.81875 0.10625 0.140625
34 0.2578125 0.83203125 0.096875 0.1296875
34 0.2015625 0.84453125 0.096875 0.1359375
34 0.9328125 0.690625 0.09375 0.1375
34 0.07421875 0.87421875 0.0765625 0.1265625
34 0.85625 0.7109375 0.128125 0.175
34 0.26171875 0.84140625 0.0546875 0.0890625
34 0.32734375 0.8390625 0.1296875 0.109375
34 0.47578125 0.80703125 0.1828125 0.1359375
34 0.73125 0.75546875 0.08125 0.1046875
34 0.81953125 0.7453125 0.0640625 0.0875
34 0.78515625 0.76171875 0.0765625 0.0765625
34 0.85390625 0.746875 0.0671875 0.084375
34 0.5859375 0.80859375 0.05625 0.0796875
