34 0.5015625 0.5015625 1.0 1.0
34 0.06640625 0.67734375 0.0359375 0.2046875
34 0.24765625 0.696875 0.1234375 0.1875
34 0.2890625 0.7015625 0.109375 0.175
34 0.1015625 0.68828125 0.103125 0.1953125
34 0.96015625 0.73671875 0.0828125 0.1390625
34 0.70859375 0.7234375 0.1015625 0.146875
34 0.19296875 0.69765625 0.1046875 0.1703125
34 0.78125 0.73125 0.115625 0.159375
34 0.846875 0.73671875 0.10625 0.1453125
34 0.91015625 0.740625 0.1046875 0.153125
34 0.08359375 0.69609375 0.0609375 0.1515625
34 0.15078125 0.7078125 0.1390625 0.2
34 0.84453125 0.74921875 0.0578125 0.1015625
34 0.76796875 0.75703125 0.1453125 0.1203125
34 0.59609375 0.74921875 0.2078125 0.1484375
34 0.2984375 0.73515625 0.0875 0.1171875
34 0.1984375 0.74140625 0.06875 0.0984375
34 0.24140625 0.75234375 0.0859375 0.0859375
34 0.16171875 0.74921875 0.0734375 0.0953125
34 0.47109375 0.76875 0.0609375 0.0875
