34 0.3828125 0.5015625 0.7625 1.0
34 0.0953125 0.82421875 0.040625 0.0640625
34 0.0703125 0.81953125 0.0375 0.0578125
34 0.03125 0.8203125 0.059375 0.040625
34 0.13515625 0.85 0.0421875 0.071875
34 0.51171875 0.93984375 0.0828125 0.1234375
34 0.6234375 0.94609375 0.084375 0.1109375
34 0.4828125 0.9453125 0.075 0.1125
34 0.58515625 0.9484375 0.0734375 0.10625
34 0.61171875 0.94921875 0.0828125 0.1046875
34 0.53828125 0.95 0.0734375 0.103125
34 0.6734375 0.95703125 0.084375 0.0890625
34 0.82421875 0.9703125 0.0828125 0.0625
34 0.64921875 0.95625 0.0859375 0.090625
34 0.56328125 0.95234375 0.0765625 0.0984375
34 0.81171875 0.9703125 0.0953125 0.0625
34 0.8296875 0.97578125 0.065625 0.0515625
34 0.45546875 0.95078125 0.0765625 0.1015625
34 0.7375 0.9703125 0.084375 0.0625
34 0.70078125 0.96796875 0.0859375 0.0671875
34 0.76875 0.97421875 0.090625 0.0546875
34 0.71328125 0.9703125 0.0828125 0.0625
34 0.78515625 0.978125 0.0953125 0.046875
34 0.74765625 0.97734375 0.0859375 0.0484375
34 0.41015625 0.96953125 0.0578125 0.0578125
