34 0.38828125 0.50078125 0.7734375 0.9984375
34 0.171875 0.87421875 0.034375 0.0734375
34 0.14609375 0.87421875 0.0328125 0.0671875
34 0.10390625 0.8859375 0.0640625 0.040625
34 0.21953125 0.8921875 0.0359375 0.08125
34 0.6515625 0.89140625 0.065625 0.1234375
34 0.7765625 0.88125 0.0625 0.125
34 0.61875 0.903125 0.059375 0.10625
34 0.73359375 0.8875 0.0546875 0.11875
34 0.76328125 0.88671875 0.0640625 0.1171875
34 0.6828125 0.89765625 0.05625 0.1046875
34 0.83671875 0.88359375 0.0671875 0.1109375
34 0.809375 0.8875 0.06875 0.10625
34 0.71171875 0.89765625 0.0609375 0.1015625
34 0.5890625 0.91328125 0.065625 0.0890625
34 0.8984375 0.8890625 0.05625 0.090625
34 0.8640625 0.8921875 0.071875 0.090625
34 0.8796875 0.8921875 0.06875 0.0875
34 0.9046875 0.8953125 0.040625 0.075
34 0.53984375 0.9421875 0.0546875 0.0375
