1 0.82890625 0.62265625 0.0484375 0.1484375
1 0.2703125 0.5734375 0.0375 0.159375
1 0.1984375 0.58125 0.04375 0.175
1 0.5234375 0.61875 0.06875 0.21875
1 0.77265625 0.67734375 0.0515625 0.2140625
1 0.73671875 0.68359375 0.0953125 0.2234375
1 0.14765625 0.5859375 0.0515625 0.196875
1 0.365625 0.584375 0.0375 0.159375
1 0.59140625 0.6359375 0.0734375 0.240625
1 0.1078125 0.57890625 0.0375 0.1484375
1 0.3125 0.596875 0.046875 0.153125
1 0.4546875 0.63359375 0.06875 0.2359375
1 0.9015625 0.67109375 0.084375 0.2578125
