10 0.47734375 0.9375 0.2171875 0.125
10 0.6109375 0.85625 0.171875 0.075
10 0.41484375 0.7875 0.2015625 0.046875
10 0.27734375 0.8390625 0.0984375 0.053125
10 0.6625 0.45625 0.05625 0.009375
10 0.48984375 0.50859375 0.0734375 0.0140625
10 0.28359375 0.51796875 0.0265625 0.0203125
10 0.3828125 0.609375 0.08125 0.01875
10 0.590625 0.5578125 0.059375 0.015625
10 0.63125 0.60078125 0.040625 0.0140625
10 0.68125 0.625 0.08125 0.025
10 0.7328125 0.67734375 0.0875 0.0140625
10 0.7484375 0.76484375 0.05625 0.0234375
10 0.540625 0.71015625 0.10625 0.0484375
10 0.34453125 0.7265625 0.0640625 0.015625
