9 0.08671875 0.41328125 0.1140625 0.2046875
9 0.1953125 0.29140625 0.0625 0.2203125
9 0.20859375 0.51484375 0.0671875 0.1859375
9 0.11484375 0.63046875 0.0703125 0.0890625
9 0.3109375 0.19296875 0.03125 0.0578125
9 0.31171875 0.409375 0.0453125 0.1
9 0.36484375 0.5875 0.0390625 0.084375
9 0.39140625 0.23046875 0.0203125 0.0859375
9 0.428125 0.29375 0.0375 0.075
9 0.44140625 0.3484375 0.0203125 0.04375
9 0.4703125 0.39765625 0.028125 0.0578125
9 0.49296875 0.5109375 0.0265625 0.078125
9 0.5875 0.35546875 0.01875 0.0546875
9 0.55625 0.4875 0.034375 0.0875
