10 0.09609375 0.16328125 0.0890625 0.0703125
10 0.25390625 0.1125 0.2421875 0.071875
10 0.18671875 0.33203125 0.1640625 0.1734375
10 0.40078125 0.315625 0.2796875 0.084375
10 0.43671875 0.396875 0.1734375 0.046875
10 0.30390625 0.4546875 0.2015625 0.090625
10 0.128125 0.5984375 0.209375 0.08125
10 0.03671875 0.5234375 0.0671875 0.046875
10 0.06328125 0.81171875 0.1234375 0.2609375
10 0.01328125 0.63203125 0.0203125 0.0640625
10 0.571875 0.45390625 0.16875 0.0609375
10 0.640625 0.61953125 0.121875 0.0515625
10 0.6328125 0.55 0.16875 0.05625
10 0.471875 0.59921875 0.115625 0.0359375
10 0.3375 0.68359375 0.159375 0.0796875
10 0.203125 0.77421875 0.125 0.0578125
10 0.26875 0.9328125 0.178125 0.078125
10 0.50234375 0.7515625 0.1234375 0.05
10 0.7296875 0.50703125 0.109375 0.0453125
10 0.90859375 0.5953125 0.0640625 0.028125
10 0.9578125 0.54296875 0.0875 0.0515625
10 0.8546875 0.5578125 0.084375 0.034375
10 0.81328125 0.784375 0.1390625 0.06875
10 0.80078125 0.6984375 0.1171875 0.05
10 0.759375 0.6125 0.08125 0.03125
10 0.9234375 0.8453125 0.0625 0.075
10 0.91875 0.74296875 0.06875 0.0359375
10 0.92734375 0.7046875 0.0828125 0.0375
10 0.95546875 0.665625 0.0484375 0.025
10 0.56328125 0.66875 0.0828125 0.034375
10 0.61875 0.728125 0.04375 0.028125
10 0.6875 0.71796875 0.090625 0.0390625
10 0.51484375 0.8859375 0.0765625 0.046875
10 0.61640625 0.915625 0.0921875 0.04375
