9 0.125 0.7796875 0.08125 0.103125
9 0.0765625 0.6140625 0.15 0.278125
9 0.20390625 0.4671875 0.1234375 0.140625
9 0.17265625 0.3265625 0.2359375 0.1375
9 0.35234375 0.590625 0.1234375 0.13125
9 0.26796875 0.7515625 0.1015625 0.128125
9 0.23828125 0.66640625 0.0703125 0.0953125
9 0.58671875 0.8453125 0.1609375 0.1375
9 0.48828125 0.934375 0.0703125 0.08125
9 0.4640625 0.7078125 0.06875 0.04375
9 0.45703125 0.58046875 0.0546875 0.0921875
9 0.41484375 0.478125 0.0890625 0.08125
9 0.35546875 0.4 0.1046875 0.115625
9 0.60859375 0.4984375 0.2109375 0.109375
9 0.48046875 0.3875 0.0890625 0.053125
9 0.61875 0.31484375 0.184375 0.1328125
9 0.8328125 0.52109375 0.184375 0.1921875
9 0.75 0.6734375 0.075 0.109375
9 0.775 0.85625 0.15625 0.14375
9 0.71015625 0.965625 0.1234375 0.071875
9 0.38203125 0.20546875 0.0921875 0.1015625
9 0.19296875 0.125 0.2296875 0.246875
9 0.765625 0.12734375 0.26875 0.2515625
9 0.675 0.19375 0.078125 0.09375
9 0.8953125 0.359375 0.2125 0.184375
