9 0.14140625 0.33671875 0.2796875 0.1453125
9 0.1828125 0.1890625 0.228125 0.146875
9 0.153125 0.07734375 0.165625 0.1234375
9 0.08203125 0.63125 0.1515625 0.28125
9 0.02578125 0.4671875 0.0484375 0.075
9 0.85703125 0.13515625 0.1453125 0.2671875
9 0.890625 0.33125 0.221875 0.146875
9 0.61171875 0.1125 0.0453125 0.065625
9 0.61484375 0.0375 0.0390625 0.04375
9 0.61328125 0.31171875 0.1828125 0.1390625
9 0.5875 0.2078125 0.05 0.06875
9 0.66484375 0.1890625 0.0765625 0.096875
9 0.83515625 0.50859375 0.1859375 0.1859375
9 0.61015625 0.4953125 0.2140625 0.109375
9 0.5984375 0.84453125 0.1625 0.1390625
9 0.67265625 0.73125 0.0359375 0.05
9 0.75625 0.66640625 0.071875 0.1109375
9 0.37265625 0.209375 0.0890625 0.10625
9 0.35234375 0.403125 0.1078125 0.121875
9 0.20234375 0.478125 0.1234375 0.140625
9 0.4078125 0.48359375 0.075 0.0796875
9 0.4765625 0.38984375 0.09375 0.0546875
9 0.35546875 0.596875 0.1203125 0.13125
9 0.46015625 0.58359375 0.0546875 0.0921875
9 0.278125 0.76015625 0.1 0.1296875
9 0.24609375 0.6765625 0.0671875 0.096875
9 0.134375 0.79453125 0.08125 0.1046875
9 0.40390625 0.78046875 0.0546875 0.0328125
9 0.47890625 0.7734375 0.0546875 0.071875
9 0.4703125 0.7109375 0.065625 0.04375
9 0.47109375 0.7125 0.0703125 0.05
9 0.78515625 0.8484375 0.1515625 0.14375
9 0.50390625 0.93515625 0.0703125 0.0828125
9 0.7265625 0.95859375 0.125 0.0734375
