10 0.92109375 0.5546875 0.1015625 0.21875
10 0.85234375 0.4140625 0.0609375 0.21875
10 0.78203125 0.5671875 0.0578125 0.2875
10 0.50703125 0.51484375 0.0171875 0.0765625
10 0.565625 0.41875 0.015625 0.059375
10 0.61015625 0.378125 0.0171875 0.046875
10 0.46875 0.33828125 0.0125 0.0546875
10 0.54296875 0.34609375 0.0203125 0.0515625
10 0.64765625 0.3390625 0.0390625 0.09375
10 0.69296875 0.28359375 0.0203125 0.0859375
10 0.7828125 0.2765625 0.028125 0.05625
10 0.715625 0.47734375 0.04375 0.1046875
10 0.51171875 0.7296875 0.0359375 0.11875
10 0.60234375 0.62578125 0.0203125 0.0921875
10 0.825 0.74921875 0.053125 0.1015625
