10 0.45234375 0.92109375 0.0015625 0.0015625
10 0.61328125 0.90546875 0.2234375 0.1015625
10 0.45625 0.865625 0.209375 0.071875
10 0.790625 0.7828125 0.10625 0.05
10 0.64375 0.75703125 0.19375 0.0640625
10 0.50625 0.71640625 0.103125 0.0515625
10 0.315625 0.80859375 0.053125 0.0328125
10 0.31015625 0.72265625 0.0859375 0.0296875
10 0.3609375 0.67265625 0.096875 0.0484375
10 0.6390625 0.5828125 0.084375 0.028125
10 0.7 0.690625 0.065625 0.025
10 0.39296875 0.62578125 0.0453125 0.0203125
10 0.3328125 0.48984375 0.05625 0.0203125
10 0.42578125 0.578125 0.0578125 0.01875
10 0.7171875 0.471875 0.025 0.021875
10 0.51484375 0.50625 0.0765625 0.028125
10 0.44921875 0.46171875 0.0703125 0.0265625
