10 0.459375 0.92109375 0.2125 0.1109375
10 0.54609375 0.7890625 0.1953125 0.059375
10 0.67890625 0.87109375 0.1078125 0.0671875
10 0.33359375 0.8234375 0.2078125 0.05625
10 0.4328125 0.69921875 0.103125 0.0484375
10 0.215625 0.7234375 0.05625 0.028125
10 0.24296875 0.63671875 0.0890625 0.0171875
10 0.30390625 0.5953125 0.0765625 0.028125
10 0.35625 0.57734375 0.04375 0.0171875
10 0.40390625 0.54296875 0.0578125 0.0203125
10 0.60078125 0.6265625 0.0859375 0.028125
10 0.61875 0.7484375 0.059375 0.01875
10 0.34921875 0.43125 0.0546875 0.0125
10 0.5140625 0.509375 0.078125 0.01875
10 0.5671875 0.50546875 0.034375 0.0140625
10 0.6734375 0.565625 0.03125 0.015625
