10 0.19296875 0.03515625 0.2234375 0.0671875
10 0.16171875 0.178125 0.3015625 0.14375
10 0.1453125 0.32578125 0.2875 0.1390625
10 0.0765625 0.61484375 0.15 0.2796875
10 0.02578125 0.45078125 0.0484375 0.0734375
10 0.20390625 0.46640625 0.1234375 0.1390625
10 0.125 0.7796875 0.08125 0.103125
10 0.26796875 0.7515625 0.1015625 0.128125
10 0.23828125 0.665625 0.0703125 0.096875
10 0.35234375 0.590625 0.1234375 0.13125
10 0.35546875 0.4 0.1046875 0.115625
10 0.38203125 0.20546875 0.0921875 0.1015625
10 0.41484375 0.478125 0.0890625 0.08125
10 0.45703125 0.58046875 0.0546875 0.0921875
10 0.39453125 0.775 0.0546875 0.03125
10 0.4640625 0.746875 0.06875 0.121875
10 0.4640625 0.7078125 0.06875 0.04375
10 0.48046875 0.3875 0.0890625 0.053125
10 0.61875 0.31484375 0.184375 0.1328125
10 0.60859375 0.4984375 0.2109375 0.109375
10 0.58671875 0.8453125 0.1609375 0.1375
10 0.6640625 0.7375 0.034375 0.05
10 0.75 0.67421875 0.075 0.1078125
10 0.48828125 0.934375 0.0703125 0.08125
10 0.71015625 0.965625 0.1234375 0.071875
10 0.83515625 0.52109375 0.1890625 0.1921875
10 0.59765625 0.21171875 0.0515625 0.0734375
10 0.675 0.19375 0.078125 0.09375
10 0.89609375 0.35859375 0.2109375 0.1828125
10 0.775 0.85625 0.15625 0.14375
10 0.5421875 0.73359375 0.03125 0.0328125
10 0.62109375 0.11328125 0.0390625 0.0546875
10 0.90078125 0.14375 0.2015625 0.284375
10 0.63203125 0.04609375 0.0453125 0.0546875
10 0.696875 0.11640625 0.0375 0.0265625
10 0.546875 0.0171875 0.046875 0.01875
