10 0.87265625 0.2953125 0.2578125 0.325
10 0.884375 0.13671875 0.234375 0.1890625
10 0.909375 0.68125 0.1625 0.284375
10 0.90546875 0.7921875 0.1015625 0.0625
10 0.66484375 0.22578125 0.0828125 0.1109375
10 0.37890625 0.1671875 0.0828125 0.09375
10 0.44609375 0.09921875 0.0328125 0.0578125
10 0.5421875 0.04140625 0.0625 0.0671875
10 0.446875 0.0265625 0.04375 0.046875
10 0.5171875 0.040625 0.028125 0.015625
10 0.22578125 0.13359375 0.0546875 0.0515625
10 0.14140625 0.08671875 0.1546875 0.1703125
10 0.1546875 0.18046875 0.05625 0.1015625
10 0.09140625 0.32109375 0.1484375 0.0921875
10 0.04140625 0.42421875 0.0765625 0.1171875
10 0.1984375 0.4703125 0.13125 0.178125
10 0.19375 0.2703125 0.103125 0.096875
10 0.415625 0.29609375 0.175 0.1390625
10 0.4484375 0.19921875 0.053125 0.0703125
10 0.3953125 0.48203125 0.209375 0.1078125
10 0.228125 0.634375 0.065625 0.115625
10 0.1828125 0.81328125 0.15625 0.1359375
10 0.22109375 0.93125 0.1265625 0.075
10 0.3703125 0.82890625 0.1625 0.1359375
10 0.44609375 0.93125 0.0640625 0.084375
10 0.30546875 0.70859375 0.0359375 0.0453125
10 0.50234375 0.7484375 0.0796875 0.125
10 0.5328125 0.5859375 0.05 0.09375
10 0.6390625 0.62109375 0.125 0.1140625
10 0.665625 0.41953125 0.10625 0.1203125
10 0.54375 0.3921875 0.090625 0.059375
10 0.59609375 0.49375 0.0796875 0.08125
10 0.8046875 0.5125 0.125 0.14375
10 0.97890625 0.52421875 0.0453125 0.0765625
10 0.690625 0.78359375 0.09375 0.1328125
10 0.7359375 0.70546875 0.0625 0.1015625
10 0.8328125 0.8359375 0.084375 0.109375
10 0.5671875 0.78671875 0.05625 0.0359375
10 0.56328125 0.6734375 0.0265625 0.028125
10 0.4265625 0.72265625 0.034375 0.0328125
