9 0.3890625 0.07734375 0.28125 0.1484375
9 0.225 0.12421875 0.103125 0.0859375
9 0.25390625 0.2671875 0.1296875 0.1
9 0.33828125 0.23828125 0.0953125 0.0703125
9 0.5390625 0.20390625 0.140625 0.1234375
9 0.5546875 0.02578125 0.075 0.0484375
9 0.68125 0.14453125 0.14375 0.2859375
9 0.82890625 0.1953125 0.1390625 0.23125
9 0.60625 0.35625 0.115625 0.10625
9 0.41484375 0.35234375 0.1359375 0.1234375
9 0.52578125 0.41484375 0.0796875 0.0921875
9 0.42421875 0.45625 0.0921875 0.053125
9 0.259375 0.4625 0.121875 0.06875
9 0.29765625 0.46328125 0.0453125 0.0703125
9 0.0703125 0.48671875 0.08125 0.0703125
9 0.15859375 0.5875 0.1390625 0.1625
9 0.03984375 0.709375 0.0734375 0.121875
9 0.1484375 0.7765625 0.14375 0.159375
9 0.33046875 0.75 0.1078125 0.075
9 0.2671875 0.66484375 0.05 0.0359375
9 0.50703125 0.60859375 0.1109375 0.2109375
9 0.61640625 0.47890625 0.0546875 0.0953125
9 0.80078125 0.38203125 0.1015625 0.0921875
9 0.690625 0.61875 0.134375 0.184375
9 0.4890625 0.834375 0.178125 0.1875
9 0.81171875 0.675 0.0921875 0.078125
9 0.6421875 0.8953125 0.16875 0.209375
9 0.8875 0.69765625 0.025 0.0390625
9 0.8890625 0.62421875 0.0625 0.0453125
9 0.79140625 0.8859375 0.1421875 0.084375
9 0.94296875 0.1890625 0.1171875 0.215625
9 0.96328125 0.63125 0.0453125 0.04375
9 0.82265625 0.82734375 0.0546875 0.0421875
9 0.93671875 0.83671875 0.0609375 0.0671875
9 0.9296875 0.95859375 0.14375 0.0859375
