10 0.478125 0.9265625 0.215625 0.096875
10 0.61640625 0.84140625 0.2015625 0.0515625
10 0.41640625 0.7859375 0.2046875 0.05
10 0.2859375 0.825 0.08125 0.021875
10 0.53984375 0.71015625 0.1046875 0.0453125
10 0.7484375 0.76484375 0.05625 0.0234375
10 0.7328125 0.678125 0.0875 0.015625
10 0.69765625 0.62578125 0.0453125 0.0203125
10 0.590625 0.55859375 0.059375 0.0171875
10 0.63125 0.60078125 0.040625 0.0140625
10 0.38203125 0.609375 0.0859375 0.01875
10 0.28203125 0.51796875 0.0296875 0.0203125
10 0.48984375 0.50859375 0.0734375 0.0140625
10 0.66171875 0.45625 0.0546875 0.009375
10 0.65390625 0.53359375 0.0390625 0.0078125
