9 0.1984375 0.14375 0.234375 0.065625
9 0.071875 0.22578125 0.140625 0.0484375
9 0.03203125 0.31875 0.0609375 0.046875
9 0.16484375 0.4046875 0.1546875 0.11875
9 0.16171875 0.3234375 0.1484375 0.0375
9 0.11796875 0.47578125 0.0453125 0.0421875
9 0.03984375 0.603125 0.0734375 0.05
9 0.1484375 0.65625 0.203125 0.071875
9 0.1 0.88046875 0.196875 0.2390625
9 0.0234375 0.7171875 0.04375 0.08125
9 0.3734375 0.359375 0.259375 0.1375
9 0.2796875 0.4921875 0.19375 0.09375
9 0.453125 0.6046875 0.184375 0.040625
9 0.37734375 0.6953125 0.1890625 0.09375
9 0.25 0.815625 0.125 0.053125
9 0.34140625 0.96484375 0.1671875 0.0734375
9 0.5421875 0.74921875 0.125 0.0484375
9 0.56015625 0.44140625 0.1671875 0.0484375
9 0.6359375 0.53125 0.171875 0.046875
9 0.728125 0.471875 0.109375 0.0375
9 0.95546875 0.425 0.0921875 0.140625
9 0.8578125 0.5015625 0.084375 0.021875
9 0.65703125 0.596875 0.1234375 0.046875
9 0.5890625 0.6578125 0.084375 0.028125
9 0.7734375 0.5703125 0.08125 0.028125
9 0.91015625 0.5359375 0.0828125 0.0375
9 0.95078125 0.675 0.0671875 0.03125
9 0.95234375 0.63671875 0.0796875 0.0359375
9 0.9765625 0.59140625 0.05 0.0265625
9 0.8453125 0.72578125 0.121875 0.0390625
9 0.8265625 0.6515625 0.11875 0.040625
9 0.9703125 0.78125 0.0625 0.071875
9 0.653125 0.70625 0.040625 0.025
9 0.71875 0.6875 0.09375 0.03125
9 0.57578125 0.88203125 0.0734375 0.0453125
9 0.678125 0.8953125 0.09375 0.034375
