9 0.92265625 0.43671875 0.1078125 0.2109375
9 0.81875 0.30859375 0.05625 0.2234375
9 0.79375 0.528125 0.059375 0.2
9 0.88125 0.6515625 0.06875 0.09375
9 0.53828125 0.4015625 0.0234375 0.05625
9 0.5703125 0.35234375 0.015625 0.0421875
9 0.5859375 0.284375 0.01875 0.040625
9 0.62578125 0.23828125 0.0171875 0.0859375
9 0.71015625 0.20390625 0.0296875 0.0578125
9 0.7015625 0.4203125 0.046875 0.103125
9 0.42421875 0.35390625 0.0140625 0.0546875
9 0.5125 0.51328125 0.025 0.0765625
9 0.634375 0.59296875 0.03125 0.0859375
