9 0.08046875 0.45703125 0.1015625 0.2109375
9 0.18046875 0.32421875 0.0578125 0.2265625
9 0.2140625 0.53984375 0.05625 0.2015625
9 0.13359375 0.665625 0.0640625 0.084375
9 0.28125 0.21484375 0.028125 0.0546875
9 0.30390625 0.4296875 0.0453125 0.103125
9 0.37578125 0.596875 0.0296875 0.09375
9 0.3671875 0.24453125 0.015625 0.0859375
9 0.40703125 0.303125 0.0296875 0.075
9 0.42734375 0.35703125 0.0203125 0.0453125
9 0.4609375 0.40390625 0.01875 0.0578125
9 0.4953125 0.51328125 0.021875 0.0765625
9 0.43984375 0.73984375 0.0453125 0.0765625
