10 0.1296875 0.384375 0.25625 0.146875
10 0.09375 0.29375 0.096875 0.04375
10 0.128125 0.26171875 0.18125 0.1046875
10 0.09453125 0.68203125 0.1609375 0.2859375
10 0.0890625 0.80625 0.078125 0.034375
10 0.121875 0.13828125 0.240625 0.1921875
10 0.0234375 0.525 0.04375 0.078125
10 0.1703125 0.8359375 0.084375 0.109375
10 0.315625 0.784375 0.1 0.134375
10 0.26640625 0.7046875 0.0640625 0.1
10 0.1984375 0.5125 0.125 0.14375
10 0.3375 0.41953125 0.10625 0.1203125
10 0.41015625 0.49375 0.0890625 0.08125
10 0.365625 0.6203125 0.125 0.115625
10 0.47109375 0.58671875 0.0484375 0.0953125
10 0.5109375 0.7765625 0.0625 0.06875
10 0.4953125 0.71171875 0.06875 0.0515625
10 0.63359375 0.8296875 0.1609375 0.134375
10 0.55625 0.93125 0.065625 0.084375
10 0.8203125 0.81328125 0.15625 0.1359375
10 0.78125 0.9328125 0.128125 0.071875
10 0.775 0.63515625 0.065625 0.1171875
10 0.82890625 0.4734375 0.1765625 0.184375
10 0.60703125 0.4828125 0.2109375 0.109375
10 0.5875 0.296875 0.175 0.140625
10 0.8796875 0.35546875 0.24375 0.2578125
10 0.83203125 0.07890625 0.2109375 0.1546875
10 0.5546875 0.1984375 0.05 0.06875
10 0.625 0.16796875 0.08125 0.0953125
10 0.33828125 0.2265625 0.0796875 0.10625
