10 0.075 0.31484375 0.103125 0.1328125
10 0.0296875 0.5609375 0.05625 0.03125
10 0.03671875 0.52265625 0.0703125 0.0453125
10 0.02421875 0.47265625 0.0453125 0.0296875
10 0.1140625 0.6375 0.121875 0.05
10 0.1515625 0.56796875 0.11875 0.0453125
10 0.09453125 0.43828125 0.0765625 0.0421875
10 0.1578125 0.4125 0.08125 0.03125
10 0.221875 0.50234375 0.078125 0.0328125
10 0.290625 0.41171875 0.096875 0.0359375
10 0.45859375 0.4265625 0.1609375 0.06875
10 0.3671875 0.4921875 0.171875 0.0625
10 0.33203125 0.55625 0.1171875 0.053125
10 0.2390625 0.62578125 0.10625 0.0390625
10 0.30625 0.66640625 0.04375 0.0265625
10 0.40234375 0.7390625 0.1203125 0.053125
10 0.340625 0.85390625 0.071875 0.0515625
10 0.2390625 0.840625 0.090625 0.04375
10 0.5015625 0.60234375 0.128125 0.0453125
10 0.67421875 0.38984375 0.2578125 0.1546875
10 0.60859375 0.440625 0.1390625 0.040625
10 0.71640625 0.53984375 0.1765625 0.1265625
10 0.85859375 0.46953125 0.1671875 0.1671875
10 0.815625 0.73359375 0.209375 0.0953125
10 0.93125 0.71015625 0.075 0.0609375
10 0.58828125 0.73046875 0.1546875 0.0828125
10 0.66953125 0.86640625 0.1171875 0.0734375
10 0.8078125 0.92734375 0.2125 0.1484375
10 0.465625 0.96953125 0.2375 0.0640625
10 0.88359375 0.23515625 0.2359375 0.1046875
