10 0.16875 0.5296875 0.190625 0.1875
10 0.39453125 0.503125 0.2109375 0.1125
10 0.3765625 0.32109375 0.1875 0.1359375
10 0.1546875 0.3328125 0.103125 0.1125
10 0.259375 0.684375 0.078125 0.10625
10 0.23984375 0.865625 0.1515625 0.146875
10 0.42890625 0.846875 0.1578125 0.14375
10 0.3125 0.96875 0.121875 0.065625
10 0.5296875 0.93671875 0.071875 0.0796875
10 0.54375 0.71015625 0.065625 0.0484375
10 0.55 0.5796875 0.05625 0.090625
10 0.6421875 0.39375 0.10625 0.11875
10 0.5875 0.4765625 0.090625 0.08125
10 0.5203125 0.38828125 0.096875 0.0515625
10 0.65234375 0.5859375 0.1203125 0.134375
10 0.74453125 0.74375 0.1015625 0.128125
10 0.76875 0.6578125 0.071875 0.096875
10 0.928125 0.60078125 0.146875 0.2796875
10 0.88828125 0.76796875 0.0859375 0.1015625
10 0.84921875 0.31171875 0.2859375 0.1421875
10 0.796875 0.4578125 0.121875 0.1375
10 0.7953125 0.11328125 0.228125 0.2234375
10 0.31484375 0.2015625 0.0765625 0.09375
10 0.1625 0.19453125 0.046875 0.0421875
10 0.1140625 0.0828125 0.14375 0.128125
10 0.3734375 0.1171875 0.03125 0.05625
10 0.396875 0.2125 0.053125 0.075
