10 0.5890625 0.9203125 0.209375 0.11875
10 0.70546875 0.809375 0.2109375 0.059375
10 0.80859375 0.69375 0.0546875 0.03125
10 0.70390625 0.58828125 0.0890625 0.0640625
10 0.771875 0.61328125 0.0875 0.0203125
10 0.5921875 0.69375 0.1 0.046875
10 0.48671875 0.79296875 0.1890625 0.0703125
10 0.37734375 0.8671875 0.0796875 0.028125
10 0.3 0.7671875 0.05625 0.05
10 0.4171875 0.6375 0.084375 0.034375
10 0.6140625 0.528125 0.0375 0.01875
10 0.603125 0.534375 0.059375 0.025
10 0.6546875 0.56328125 0.046875 0.0203125
10 0.6453125 0.41640625 0.065625 0.0234375
10 0.47734375 0.50078125 0.1078125 0.0453125
10 0.51484375 0.446875 0.1078125 0.046875
10 0.27109375 0.590625 0.0734375 0.05
