10 0.565625 0.921875 0.209375 0.109375
10 0.690625 0.81640625 0.2125 0.0546875
10 0.4734375 0.79140625 0.19375 0.0609375
10 0.35078125 0.88046875 0.0953125 0.0671875
10 0.7984375 0.71015625 0.053125 0.0265625
10 0.5828125 0.6984375 0.103125 0.046875
10 0.765625 0.62578125 0.090625 0.0203125
10 0.690625 0.5953125 0.103125 0.065625
10 0.60234375 0.5390625 0.0578125 0.025
10 0.41015625 0.63359375 0.0859375 0.0328125
10 0.43671875 0.51015625 0.0328125 0.0171875
10 0.49140625 0.5109375 0.0765625 0.021875
10 0.65078125 0.425 0.0546875 0.015625
