9 0.6625 0.45625 0.05625 0.009375
9 0.48984375 0.50859375 0.0734375 0.0140625
9 0.54375 0.44921875 0.059375 0.0078125
9 0.24609375 0.53515625 0.0578125 0.0203125
9 0.28359375 0.51796875 0.0265625 0.0203125
9 0.3828125 0.609375 0.08125 0.01875
9 0.41484375 0.784375 0.2015625 0.046875
9 0.3453125 0.7265625 0.065625 0.015625
9 0.53984375 0.71015625 0.1046875 0.0453125
9 0.67265625 0.6359375 0.0921875 0.040625
9 0.7328125 0.6765625 0.0875 0.01875
9 0.63125 0.60078125 0.040625 0.0140625
9 0.590625 0.5578125 0.059375 0.015625
9 0.7484375 0.76484375 0.05625 0.0234375
9 0.61640625 0.84140625 0.2046875 0.0515625
9 0.28046875 0.8390625 0.0921875 0.053125
9 0.4765625 0.925 0.21875 0.1
9 0.79375 0.98984375 0.146875 0.0234375
