10 0.48046875 0.190625 0.1765625 0.146875
10 0.32109375 0.25859375 0.1078125 0.0765625
10 0.13828125 0.2390625 0.1453125 0.153125
10 0.03671875 0.3125 0.0671875 0.11875
10 0.1578125 0.4265625 0.14375 0.1625
10 0.071875 0.53046875 0.078125 0.0734375
10 0.26171875 0.346875 0.0515625 0.0375
10 0.23359375 0.6171875 0.0328125 0.05625
10 0.23359375 0.54453125 0.0703125 0.0578125
10 0.27265625 0.46875 0.0328125 0.03125
10 0.296875 0.5453125 0.046875 0.06875
10 0.2609375 0.74375 0.125 0.1
10 0.23828125 0.8890625 0.1015625 0.084375
10 0.40234375 0.92734375 0.2765625 0.1484375
10 0.346875 0.76953125 0.09375 0.0703125
10 0.41875 0.6515625 0.134375 0.11875
10 0.34375 0.59375 0.03125 0.025
10 0.42421875 0.54921875 0.0921875 0.0546875
10 0.5015625 0.39296875 0.1125 0.2109375
10 0.6546875 0.16171875 0.146875 0.2703125
10 0.6703125 0.16328125 0.109375 0.1234375
10 0.68359375 0.37578125 0.1328125 0.1859375
10 0.52890625 0.58671875 0.0828125 0.0921875
10 0.615625 0.51875 0.053125 0.096875
10 0.6125 0.64296875 0.11875 0.1015625
10 0.5484375 0.79609375 0.140625 0.1203125
10 0.6921875 0.84921875 0.14375 0.2859375
10 0.83671875 0.79453125 0.1234375 0.2296875
10 0.96875 0.80234375 0.065625 0.2453125
10 0.78671875 0.39609375 0.0734375 0.0546875
10 0.80390625 0.315625 0.0921875 0.06875
10 0.86484375 0.1015625 0.2453125 0.2
10 0.8859375 0.37265625 0.05625 0.0296875
10 0.9578125 0.3546875 0.04375 0.046875
10 0.9859375 0.31484375 0.01875 0.0515625
