9 0.34765625 0.5078125 0.0390625 0.0125
9 0.34921875 0.43125 0.0546875 0.0125
9 0.21640625 0.7234375 0.0546875 0.028125
9 0.24609375 0.63671875 0.0890625 0.0171875
9 0.30390625 0.5953125 0.0765625 0.028125
9 0.4328125 0.69921875 0.103125 0.0484375
9 0.3328125 0.8234375 0.209375 0.05625
9 0.459375 0.9203125 0.2125 0.109375
9 0.54609375 0.7890625 0.1953125 0.059375
9 0.67109375 0.8703125 0.0921875 0.065625
9 0.60078125 0.6265625 0.0859375 0.028125
9 0.3546875 0.578125 0.040625 0.015625
9 0.40390625 0.54296875 0.0578125 0.0203125
9 0.5140625 0.509375 0.078125 0.01875
9 0.2390625 0.996875 0.028125 0.00625
9 0.10546875 0.98359375 0.1984375 0.0046875
9 0.059375 0.99765625 0.04375 0.0078125
9 0.246875 0.98046875 0.071875 0.0078125
9 0.37890625 0.99609375 0.0578125 0.0078125
9 0.16796875 0.996875 0.0453125 0.00625
9 0.0421875 0.9671875 0.071875 0.00625
9 0.0390625 0.721875 0.075 0.040625
9 0.74765625 0.5734375 0.0578125 0.025
9 0.46796875 0.44375 0.0765625 0.015625
