9 0.22421875 0.90234375 0.3328125 0.1734375
9 0.4453125 0.83359375 0.184375 0.0921875
9 0.70078125 0.76484375 0.1640625 0.1171875
9 0.1703125 0.58359375 0.09375 0.0671875
9 0.5015625 0.5921875 0.121875 0.053125
9 0.45390625 0.7171875 0.1140625 0.090625
9 0.1375 0.4328125 0.128125 0.084375
9 0.19609375 0.5015625 0.1109375 0.05
9 0.1359375 0.303125 0.23125 0.09375
9 0.37109375 0.3234375 0.0984375 0.025
9 0.52421875 0.33203125 0.0609375 0.0140625
9 0.6109375 0.45625 0.0625 0.025
9 0.48671875 0.4734375 0.1703125 0.1
9 0.54140625 0.41484375 0.0484375 0.0203125
9 0.8703125 0.534375 0.040625 0.025
9 0.75 0.5234375 0.109375 0.046875
9 0.503125 0.25390625 0.03125 0.0078125
9 0.56328125 0.25078125 0.0609375 0.0109375
9 0.9265625 0.3921875 0.128125 0.04375
9 0.8015625 0.3390625 0.090625 0.03125
9 0.34453125 0.46796875 0.1109375 0.0484375
