9 0.928125 0.51328125 0.09375 0.2140625
9 0.83515625 0.653125 0.0484375 0.221875
9 0.8609375 0.2921875 0.059375 0.13125
9 0.7953125 0.43671875 0.046875 0.1890625
9 0.7078125 0.55859375 0.04375 0.1015625
9 0.625 0.684375 0.05 0.090625
9 0.62265625 0.4 0.0265625 0.096875
9 0.4515625 0.52265625 0.021875 0.1046875
9 0.51015625 0.49140625 0.0171875 0.0765625
9 0.44296875 0.65859375 0.0109375 0.0546875
9 0.5203125 0.65703125 0.0125 0.0359375
9 0.55078125 0.596875 0.0171875 0.05625
9 0.65625 0.74921875 0.01875 0.0890625
9 0.7453125 0.771875 0.025 0.05625
