9 0.88125 0.23515625 0.240625 0.0984375
9 0.6390625 0.38984375 0.328125 0.1546875
9 0.8640625 0.47109375 0.16875 0.1640625
9 0.4578125 0.42578125 0.159375 0.0703125
9 0.29375 0.40859375 0.10625 0.0390625
9 0.07421875 0.3359375 0.0984375 0.075
9 0.03671875 0.52734375 0.0703125 0.0828125
9 0.0984375 0.43359375 0.08125 0.0484375
9 0.16015625 0.40703125 0.0828125 0.0328125
9 0.0703125 0.26328125 0.04375 0.0453125
9 0.02421875 0.46328125 0.0453125 0.0328125
9 0.21015625 0.4890625 0.1015625 0.053125
9 0.11171875 0.63125 0.1234375 0.046875
9 0.15078125 0.56171875 0.1171875 0.0453125
9 0.36875 0.4890625 0.16875 0.065625
9 0.33203125 0.5515625 0.1171875 0.053125
9 0.24375 0.6234375 0.09375 0.034375
9 0.59453125 0.43046875 0.1703125 0.0609375
9 0.71796875 0.54609375 0.1734375 0.1265625
9 0.59375 0.58828125 0.075 0.0546875
9 0.503125 0.603125 0.125 0.05
9 0.3765625 0.63203125 0.08125 0.0328125
9 0.396875 0.7375 0.11875 0.053125
9 0.5859375 0.73046875 0.153125 0.0828125
9 0.8125 0.7390625 0.20625 0.096875
9 0.92734375 0.71796875 0.0734375 0.0609375
9 0.66484375 0.8703125 0.1203125 0.071875
9 0.9140625 0.8328125 0.05 0.084375
9 0.79765625 0.9296875 0.2171875 0.140625
9 0.2328125 0.83515625 0.09375 0.0453125
9 0.33359375 0.85078125 0.0703125 0.0546875
9 0.44609375 0.95859375 0.2515625 0.0859375
