10 0.90859375 0.61015625 0.1078125 0.2171875
10 0.759375 0.6421875 0.065625 0.203125
10 0.784375 0.80546875 0.053125 0.1296875
10 0.6453125 0.80390625 0.040625 0.0609375
10 0.584375 0.63984375 0.025 0.0859375
10 0.71875 0.50546875 0.046875 0.1046875
10 0.8671875 0.453125 0.075 0.215625
10 0.50703125 0.51484375 0.0296875 0.0734375
10 0.5796875 0.4265625 0.01875 0.059375
10 0.6640625 0.3515625 0.028125 0.078125
10 0.721875 0.31171875 0.03125 0.0859375
10 0.81328125 0.315625 0.0296875 0.053125
10 0.4828125 0.759375 0.025 0.053125
10 0.490625 0.334375 0.015625 0.05625
