10 0.0859375 0.2359375 0.16875 0.096875
10 0.0625 0.34140625 0.05 0.0203125
10 0.24765625 0.4375 0.3546875 0.221875
10 0.28984375 0.540625 0.1828125 0.125
10 0.071875 0.71015625 0.075 0.0609375
10 0.18828125 0.7328125 0.2046875 0.09375
10 0.18203125 0.89296875 0.2421875 0.2171875
10 0.54453125 0.4265625 0.1640625 0.065625
10 0.5390625 0.36328125 0.14375 0.0671875
10 0.3875 0.43671875 0.121875 0.0484375
10 0.63515625 0.4921875 0.1703125 0.059375
10 0.7109375 0.41328125 0.10625 0.0390625
10 0.9421875 0.27265625 0.0375 0.0578125
10 0.93046875 0.34609375 0.1046875 0.0796875
10 0.87421875 0.4296875 0.1390625 0.065625
10 0.78125 0.50390625 0.078125 0.0328125
10 0.50625 0.60234375 0.115625 0.0453125
10 0.415625 0.7296875 0.15625 0.08125
10 0.3328125 0.86640625 0.11875 0.0734375
10 0.48046875 0.97421875 0.1171875 0.0546875
10 0.60234375 0.73828125 0.1203125 0.0515625
10 0.6234375 0.634375 0.084375 0.03125
10 0.96640625 0.52265625 0.0703125 0.0453125
10 0.97890625 0.47265625 0.0453125 0.0328125
10 0.85234375 0.5671875 0.1203125 0.04375
10 0.696875 0.66484375 0.04375 0.0296875
10 0.75546875 0.62734375 0.0890625 0.0359375
10 0.88984375 0.6390625 0.1234375 0.046875
10 0.66484375 0.85390625 0.0734375 0.0515625
10 0.76484375 0.840625 0.0921875 0.04375
10 0.76015625 0.66796875 0.0328125 0.0203125
