9 0.08125 0.45703125 0.103125 0.2109375
9 0.18046875 0.32421875 0.0578125 0.2265625
9 0.2140625 0.540625 0.05625 0.2
9 0.13359375 0.665625 0.0640625 0.084375
9 0.3046875 0.4296875 0.04375 0.103125
9 0.28125 0.21484375 0.028125 0.0546875
9 0.3671875 0.24453125 0.015625 0.0859375
9 0.40703125 0.303125 0.0296875 0.075
9 0.42734375 0.35546875 0.0203125 0.0484375
9 0.46015625 0.40390625 0.0234375 0.0578125
9 0.5734375 0.35 0.015625 0.05625
9 0.25703125 0.61953125 0.0140625 0.0640625
9 0.37578125 0.596875 0.0296875 0.09375
9 0.4953125 0.51171875 0.021875 0.0796875
9 0.43984375 0.675 0.0140625 0.025
9 0.4515625 0.72109375 0.021875 0.0390625
