9 0.08203125 0.52421875 0.0984375 0.2171875
9 0.16171875 0.37890625 0.0515625 0.2203125
9 0.215625 0.58359375 0.04375 0.2078125
9 0.16796875 0.71640625 0.0515625 0.0828125
9 0.2765625 0.65859375 0.015625 0.0671875
9 0.2953125 0.46171875 0.046875 0.1046875
9 0.23984375 0.25390625 0.0234375 0.0546875
9 0.328125 0.26875 0.015625 0.0875
9 0.3796875 0.30546875 0.021875 0.0453125
9 0.4046875 0.36875 0.015625 0.04375
9 0.44375 0.41171875 0.009375 0.0578125
9 0.3953125 0.6171875 0.021875 0.090625
9 0.51015625 0.56640625 0.0140625 0.0328125
9 0.496875 0.51328125 0.0125 0.0765625
9 0.55 0.3390625 0.009375 0.05625
