10 0.9265625 0.4875 0.090625 0.2125
10 0.8359375 0.34921875 0.05 0.2234375
10 0.79296875 0.56328125 0.0515625 0.2015625
10 0.86015625 0.69609375 0.0609375 0.0953125
10 0.7078125 0.4453125 0.04375 0.103125
10 0.5515625 0.40703125 0.01875 0.0578125
10 0.58984375 0.3609375 0.0140625 0.04375
10 0.62265625 0.31171875 0.0515625 0.0765625
10 0.65703125 0.25390625 0.0171875 0.0859375
10 0.74453125 0.2328125 0.0234375 0.05625
10 0.44296875 0.34609375 0.0109375 0.0546875
10 0.51015625 0.51328125 0.0171875 0.0765625
10 0.621875 0.609375 0.025 0.0875
10 0.55625 0.753125 0.01875 0.05625
10 0.740625 0.63984375 0.015625 0.0703125
10 0.7296875 0.75 0.04375 0.05625
