10 0.525 0.92578125 0.215625 0.0984375
10 0.38671875 0.84140625 0.2078125 0.0515625
10 0.7265625 0.8390625 0.10625 0.05625
10 0.58984375 0.78125 0.1984375 0.040625
10 0.4640625 0.709375 0.103125 0.046875
10 0.25546875 0.76640625 0.0546875 0.0203125
10 0.14375 0.6671875 0.025 0.009375
10 0.2703125 0.6765625 0.0875 0.01875
10 0.62109375 0.61015625 0.0859375 0.0203125
10 0.3046875 0.62578125 0.04375 0.0203125
10 0.36796875 0.60078125 0.0421875 0.0140625
10 0.51484375 0.50859375 0.0765625 0.0140625
10 0.3390625 0.45625 0.053125 0.009375
10 0.35 0.53359375 0.0375 0.0078125
10 0.4125 0.5578125 0.059375 0.015625
10 0.67890625 0.5375 0.0265625 0.015625
10 0.71953125 0.51875 0.0265625 0.021875
10 0.20859375 0.9890625 0.1515625 0.021875
