10 0.66796875 0.14375 0.1453125 0.275
10 0.80859375 0.18515625 0.1671875 0.2234375
10 0.9296875 0.1765625 0.115625 0.209375
10 0.37421875 0.08125 0.2828125 0.15
10 0.53671875 0.02578125 0.0734375 0.0484375
10 0.2109375 0.134375 0.10625 0.084375
10 0.2453125 0.2765625 0.13125 0.096875
10 0.32890625 0.2453125 0.0953125 0.06875
10 0.528125 0.20234375 0.14375 0.1234375
10 0.06875 0.503125 0.084375 0.06875
10 0.1625 0.5984375 0.140625 0.1625
10 0.2578125 0.47109375 0.121875 0.0703125
10 0.29609375 0.4703125 0.0453125 0.06875
10 0.40859375 0.35703125 0.1328125 0.1234375
10 0.421875 0.46015625 0.09375 0.0546875
10 0.60234375 0.3515625 0.1234375 0.10625
10 0.52265625 0.41484375 0.0796875 0.0921875
10 0.509375 0.609375 0.109375 0.2125
10 0.615625 0.475 0.053125 0.09375
10 0.6953125 0.61328125 0.1375 0.1828125
10 0.7953125 0.37265625 0.103125 0.0890625
10 0.8078125 0.44921875 0.084375 0.0546875
10 0.815625 0.6640625 0.09375 0.078125
10 0.7953125 0.5875 0.06875 0.05
10 0.89140625 0.6125 0.0640625 0.05
10 0.04453125 0.72578125 0.0734375 0.1234375
10 0.15625 0.7875 0.140625 0.15625
10 0.33828125 0.75546875 0.1109375 0.0734375
10 0.27421875 0.55 0.0328125 0.034375
10 0.2734375 0.67265625 0.05 0.0359375
10 0.49765625 0.83671875 0.1796875 0.1921875
10 0.690625 0.834375 0.1 0.109375
10 0.88359375 0.90703125 0.2359375 0.1578125
