10 0.13046875 0.48203125 0.2578125 0.1703125
10 0.07109375 0.34765625 0.1109375 0.0859375
10 0.18203125 0.2875 0.1109375 0.1
10 0.14921875 0.0578125 0.2078125 0.1125
10 0.36171875 0.17578125 0.0796875 0.0953125
10 0.40546875 0.303125 0.1796875 0.1375
10 0.39375 0.4890625 0.209375 0.10625
10 0.2375 0.64921875 0.06875 0.1140625
10 0.19765625 0.82890625 0.1546875 0.1359375
10 0.24609375 0.94375 0.1296875 0.075
10 0.3859375 0.83515625 0.1625 0.1359375
10 0.8515625 0.215625 0.23125 0.153125
10 0.653125 0.2203125 0.084375 0.10625
10 0.5390625 0.390625 0.09375 0.05625
10 0.6609375 0.41328125 0.10625 0.1203125
10 0.5375 0.5859375 0.053125 0.09375
10 0.5953125 0.4890625 0.08125 0.08125
10 0.64296875 0.609375 0.1234375 0.128125
10 0.86875 0.36328125 0.265625 0.1453125
10 0.821875 0.09375 0.1375 0.128125
10 0.8046875 0.4984375 0.125 0.140625
10 0.915625 0.66015625 0.159375 0.2828125
10 0.98046875 0.49921875 0.0421875 0.0765625
10 0.70546875 0.77578125 0.1015625 0.1328125
10 0.746875 0.6921875 0.065625 0.1
10 0.85078125 0.81796875 0.0796875 0.1078125
10 0.5203125 0.7140625 0.06875 0.05
10 0.46953125 0.93359375 0.0640625 0.0828125
10 0.58203125 0.784375 0.0515625 0.034375
10 0.3171875 0.71875 0.0375 0.046875
10 0.41875 0.10703125 0.04375 0.0609375
10 0.3484375 0.09765625 0.0375 0.0234375
10 0.4234375 0.03671875 0.04375 0.0578125
10 0.4375 0.20234375 0.046875 0.0703125
