9 0.1015625 0.778125 0.171875 0.33125
9 0.17109375 0.5578125 0.0921875 0.1875
9 0.290625 0.55 0.096875 0.115625
9 0.23984375 0.3015625 0.1171875 0.1625
9 0.37734375 0.22265625 0.0296875 0.0234375
9 0.36875 0.10703125 0.08125 0.0984375
9 0.2265625 0.06484375 0.090625 0.0671875
9 0.4125 0.50078125 0.053125 0.1203125
9 0.4796875 0.253125 0.053125 0.115625
9 0.50546875 0.525 0.0515625 0.153125
9 0.5484375 0.39140625 0.028125 0.0609375
9 0.45703125 0.68046875 0.0828125 0.0921875
9 0.53828125 0.65859375 0.0453125 0.1109375
9 0.42109375 0.83515625 0.0703125 0.0953125
9 0.5046875 0.8109375 0.05625 0.121875
9 0.5921875 0.4609375 0.01875 0.046875
9 0.6734375 0.48046875 0.015625 0.0640625
9 0.68125 0.6296875 0.028125 0.1
9 0.7 0.86640625 0.096875 0.2328125
9 0.5875 0.865625 0.05 0.125
9 0.7265625 0.6 0.01875 0.078125
9 0.74921875 0.4984375 0.0078125 0.03125
9 0.7546875 0.43828125 0.009375 0.0578125
9 0.78359375 0.6734375 0.0109375 0.05
9 0.81875 0.59140625 0.009375 0.0109375
9 0.8125 0.55234375 0.0125 0.0453125
