9 0.12890625 0.315625 0.2265625 0.1625
9 0.1328125 0.4875 0.2625 0.18125
9 0.2375 0.64921875 0.06875 0.1140625
9 0.196875 0.82890625 0.15625 0.1359375
9 0.3859375 0.8359375 0.1625 0.1375
9 0.24609375 0.94375 0.1296875 0.075
9 0.3171875 0.71875 0.0375 0.046875
9 0.3953125 0.4875 0.2125 0.109375
9 0.91640625 0.66015625 0.1578125 0.2828125
9 0.85078125 0.81875 0.0796875 0.10625
9 0.70546875 0.775 0.1015625 0.13125
9 0.746875 0.69140625 0.065625 0.0984375
9 0.64296875 0.61484375 0.1234375 0.1140625
9 0.51640625 0.7484375 0.0765625 0.121875
9 0.51484375 0.74921875 0.0765625 0.1234375
9 0.5203125 0.7140625 0.06875 0.05
9 0.48203125 0.653125 0.0359375 0.0375
9 0.5390625 0.58671875 0.05 0.0921875
9 0.47265625 0.9328125 0.0671875 0.084375
9 0.6609375 0.41328125 0.10625 0.1203125
9 0.59296875 0.48828125 0.0859375 0.0796875
9 0.8671875 0.23203125 0.26875 0.4046875
9 0.86796875 0.28125 0.2671875 0.30625
9 0.86875 0.3625 0.265625 0.146875
9 0.8046875 0.50078125 0.125 0.1359375
9 0.58203125 0.784375 0.0515625 0.034375
9 0.40546875 0.303125 0.1796875 0.1375
9 0.53828125 0.39140625 0.0921875 0.0578125
9 0.36171875 0.17578125 0.0796875 0.0953125
9 0.4375 0.20234375 0.046875 0.0703125
9 0.41875 0.10625 0.04375 0.059375
