9 0.44765625 0.9203125 0.2171875 0.1
9 0.59453125 0.85234375 0.2140625 0.0578125
9 0.72890625 0.78125 0.0546875 0.025
9 0.525 0.7140625 0.10625 0.046875
9 0.3953125 0.778125 0.2 0.053125
9 0.25234375 0.8234375 0.1015625 0.053125
9 0.71796875 0.69296875 0.0859375 0.0203125
9 0.66484375 0.6515625 0.0953125 0.05
9 0.58671875 0.565625 0.0609375 0.015625
9 0.37578125 0.60078125 0.0890625 0.0234375
9 0.24140625 0.5171875 0.0546875 0.01875
9 0.4890625 0.509375 0.075 0.01875
9 0.66484375 0.46640625 0.0578125 0.0140625
9 0.5453125 0.45703125 0.071875 0.0140625
