10 0.0828125 0.434375 0.10625 0.209375
10 0.1859375 0.31015625 0.05625 0.2171875
10 0.21171875 0.5265625 0.0609375 0.196875
10 0.121875 0.665625 0.06875 0.121875
10 0.30546875 0.41796875 0.0453125 0.1015625
10 0.2953125 0.203125 0.03125 0.05625
10 0.37890625 0.2375 0.0203125 0.0875
10 0.415625 0.29765625 0.03125 0.0765625
10 0.434375 0.35 0.021875 0.046875
10 0.46484375 0.39921875 0.0234375 0.0578125
10 0.49453125 0.5109375 0.0234375 0.078125
10 0.25078125 0.60546875 0.0265625 0.0640625
10 0.36953125 0.59140625 0.0328125 0.0890625
10 0.43984375 0.7140625 0.0234375 0.025
10 0.58046875 0.3515625 0.0171875 0.05625
