9 0.859375 0.32578125 0.284375 0.1390625
9 0.79921875 0.46640625 0.1234375 0.1390625
9 0.9265625 0.61484375 0.15 0.2765625
9 0.97734375 0.45078125 0.0484375 0.0734375
9 0.87890625 0.7796875 0.0859375 0.103125
9 0.73671875 0.7515625 0.1015625 0.128125
9 0.76484375 0.66640625 0.0703125 0.0953125
9 0.65078125 0.59140625 0.1234375 0.1359375
9 0.6484375 0.39765625 0.10625 0.1171875
9 0.5890625 0.478125 0.0875 0.08125
9 0.621875 0.2046875 0.090625 0.1
9 0.5234375 0.38828125 0.09375 0.0515625
9 0.54609375 0.5796875 0.0546875 0.090625
9 0.5390625 0.7453125 0.065625 0.11875
9 0.53984375 0.70859375 0.0671875 0.0453125
9 0.415625 0.8453125 0.159375 0.1375
9 0.51484375 0.93671875 0.0703125 0.0796875
9 0.29375 0.965625 0.121875 0.071875
9 0.228125 0.8578125 0.153125 0.140625
9 0.25390625 0.6734375 0.0734375 0.10625
9 0.39453125 0.49921875 0.2109375 0.1078125
9 0.1765625 0.51640625 0.175 0.1828125
9 0.384375 0.315625 0.184375 0.134375
9 0.1671875 0.31953125 0.1 0.1078125
9 0.0546875 0.46015625 0.10625 0.2328125
9 0.32734375 0.19296875 0.0765625 0.0921875
9 0.40703125 0.2109375 0.0484375 0.071875
9 0.38046875 0.115625 0.0421875 0.0625
9 0.371875 0.040625 0.04375 0.04375
9 0.1 0.14609375 0.196875 0.2859375
9 0.16796875 0.0703125 0.0671875 0.034375
9 0.1734375 0.178125 0.05 0.046875
