9 0.11953125 0.26875 0.1484375 0.15
9 0.0296875 0.36015625 0.053125 0.1140625
9 0.45546875 0.1703125 0.1796875 0.196875
9 0.43359375 0.03125 0.1140625 0.05625
9 0.59609375 0.1015625 0.1859375 0.2
9 0.809375 0.07421875 0.2875 0.1453125
9 0.71328125 0.12734375 0.0921875 0.0859375
9 0.69453125 0.17421875 0.0078125 0.0046875
9 0.77421875 0.13828125 0.0515625 0.0484375
9 0.61328125 0.10234375 0.0265625 0.0296875
9 0.3015625 0.27578125 0.1 0.0703125
9 0.30078125 0.27734375 0.1015625 0.0859375
9 0.1546875 0.45703125 0.15 0.1640625
9 0.24921875 0.36953125 0.0546875 0.0390625
9 0.071875 0.56875 0.08125 0.075
9 0.26484375 0.56484375 0.1234375 0.0703125
9 0.26953125 0.490625 0.0359375 0.03125
9 0.49375 0.3953125 0.125 0.209375
9 0.6703125 0.3625 0.13125 0.190625
9 0.78671875 0.2890625 0.0984375 0.078125
9 0.86640625 0.3359375 0.0703125 0.04375
9 0.9453125 0.315625 0.04375 0.046875
9 0.53671875 0.58671875 0.0828125 0.0921875
9 0.61640625 0.509375 0.0484375 0.096875
9 0.43359375 0.66015625 0.1328125 0.1171875
9 0.24375 0.6421875 0.03125 0.059375
9 0.35234375 0.60859375 0.0296875 0.0234375
9 0.4296875 0.55703125 0.090625 0.0609375
9 0.303125 0.56484375 0.046875 0.0703125
9 0.28203125 0.76484375 0.1234375 0.1078125
9 0.6234375 0.63125 0.11875 0.103125
9 0.8109375 0.58671875 0.09375 0.0984375
9 0.8265625 0.81015625 0.35 0.3421875
9 0.709375 0.765625 0.103125 0.153125
9 0.7359375 0.86875 0.153125 0.190625
9 0.57265625 0.7890625 0.1390625 0.121875
9 0.44140625 0.93359375 0.2734375 0.1359375
9 0.37109375 0.7828125 0.0859375 0.075
9 0.2734375 0.91171875 0.096875 0.0890625
9 0.6125 0.96953125 0.071875 0.0515625
9 0.1953125 0.87578125 0.05625 0.0515625
