9 0.53359375 0.2453125 0.0640625 0.00625
9 0.50390625 0.32890625 0.0546875 0.0140625
9 0.50234375 0.54375 0.9984375 0.915625
9 0.73125 0.746875 0.165625 0.090625
9 0.51328125 0.5890625 0.1203125 0.05
9 0.753125 0.49140625 0.1 0.0390625
9 0.91484375 0.59765625 0.0953125 0.0609375
9 0.340625 0.53359375 0.115625 0.1484375
9 0.34140625 0.48828125 0.1046875 0.0546875
9 0.48125 0.496875 0.153125 0.05
9 0.17890625 0.621875 0.0921875 0.06875
9 0.20078125 0.5359375 0.1046875 0.059375
9 0.04765625 0.35625 0.0921875 0.096875
9 0.19140625 0.34609375 0.0703125 0.0421875
9 0.35234375 0.34140625 0.0984375 0.0234375
9 0.4796875 0.72109375 0.11875 0.0921875
9 0.4875 0.834375 0.1875 0.078125
9 0.23046875 0.92421875 0.2296875 0.1546875
9 0.41640625 0.94609375 0.0765625 0.1078125
9 0.60703125 0.440625 0.0578125 0.021875
