10 0.375 0.1109375 0.05 0.121875
10 0.4515625 0.0296875 0.03125 0.05625
10 0.44453125 0.15078125 0.0453125 0.1171875
10 0.49140625 0.03671875 0.0421875 0.0703125
10 0.5421875 0.025 0.03125 0.046875
10 0.45390625 0.33203125 0.0515625 0.1171875
10 0.5078125 0.221875 0.03125 0.078125
10 0.6 0.159375 0.03125 0.08125
10 0.5828125 0.090625 0.025 0.065625
10 0.66484375 0.07109375 0.0640625 0.0921875
10 0.7390625 0.06171875 0.04375 0.0546875
10 0.271875 0.38125 0.046875 0.0875
10 0.34296875 0.3046875 0.0296875 0.04375
10 0.3390625 0.24921875 0.03125 0.0546875
10 0.38359375 0.24375 0.0359375 0.09375
10 0.1703125 0.23359375 0.046875 0.0921875
10 0.15390625 0.334375 0.0515625 0.071875
10 0.0296875 0.5109375 0.053125 0.115625
10 0.13515625 0.66328125 0.0703125 0.1203125
10 0.0765625 0.796875 0.140625 0.21875
10 0.27578125 0.58671875 0.0796875 0.1546875
10 0.26640625 0.81015625 0.0984375 0.2078125
10 0.16953125 0.91328125 0.0859375 0.0484375
10 0.28671875 0.928125 0.0578125 0.071875
10 0.40078125 0.50078125 0.0484375 0.1296875
10 0.51640625 0.36796875 0.0640625 0.1703125
10 0.5953125 0.2953125 0.04375 0.109375
10 0.58203125 0.4609375 0.0703125 0.16875
10 0.46171875 0.70859375 0.1265625 0.1671875
10 0.4140625 0.59140625 0.046875 0.0703125
10 0.59140625 0.753125 0.1953125 0.38125
10 0.559375 0.6484375 0.053125 0.18125
10 0.53359375 0.8609375 0.1640625 0.16875
10 0.65078125 0.959375 0.0453125 0.084375
10 0.7703125 0.88203125 0.103125 0.2359375
