10 0.77734375 0.90546875 0.3359375 0.1703125
10 0.559375 0.8328125 0.184375 0.090625
10 0.30234375 0.71171875 0.1640625 0.2171875
10 0.30234375 0.76484375 0.1640625 0.1171875
10 0.25859375 0.525 0.1078125 0.046875
10 0.1046875 0.64375 0.09375 0.071875
10 0.53671875 0.71484375 0.0890625 0.0765625
10 0.4984375 0.58828125 0.13125 0.0765625
10 0.28515625 0.52421875 0.0265625 0.0296875
10 0.14453125 0.5328125 0.0671875 0.04375
10 0.06484375 0.7765625 0.0703125 0.0875
10 0.078125 0.3921875 0.125 0.04375
10 0.39296875 0.4546875 0.0640625 0.028125
10 0.68046875 0.54609375 0.0921875 0.0859375
10 0.65859375 0.4671875 0.1109375 0.046875
10 0.80703125 0.50078125 0.1109375 0.0515625
10 0.86640625 0.30390625 0.2328125 0.0953125
10 0.63046875 0.325 0.1015625 0.025
10 0.51640625 0.484375 0.1671875 0.078125
10 0.46171875 0.41484375 0.0484375 0.0203125
10 0.4796875 0.33203125 0.0625 0.0140625
10 0.20078125 0.33984375 0.0890625 0.0265625
10 0.43828125 0.25078125 0.0640625 0.0109375
10 0.49921875 0.2578125 0.0328125 0.015625
10 0.5953125 0.28359375 0.059375 0.0109375
10 0.83515625 0.584375 0.0953125 0.071875
10 0.37578125 0.34296875 0.0484375 0.0234375
10 0.6734375 0.22109375 0.05 0.0140625
10 0.55234375 0.18671875 0.0421875 0.0234375
