9 0.07578125 0.60078125 0.1484375 0.2796875
9 0.02890625 0.4328125 0.0515625 0.071875
9 0.15390625 0.31328125 0.2859375 0.1390625
9 0.1828125 0.16875 0.275 0.134375
9 0.2125 0.05546875 0.215625 0.1078125
9 0.39296875 0.20078125 0.0953125 0.1015625
9 0.3609375 0.39375 0.10625 0.11875
9 0.20703125 0.4625 0.1203125 0.128125
9 0.3515625 0.59296875 0.121875 0.1203125
9 0.26015625 0.74375 0.1015625 0.128125
9 0.23515625 0.65859375 0.0734375 0.0953125
9 0.11484375 0.7671875 0.0859375 0.1
9 0.415625 0.47578125 0.090625 0.0796875
9 0.62578125 0.3203125 0.1859375 0.134375
9 0.45390625 0.5796875 0.0578125 0.090625
9 0.61171875 0.503125 0.2109375 0.115625
9 0.48359375 0.38828125 0.0921875 0.0515625
9 0.3859375 0.77265625 0.053125 0.0328125
9 0.45703125 0.74609375 0.0703125 0.1203125
9 0.46015625 0.709375 0.0640625 0.046875
9 0.578125 0.846875 0.159375 0.14375
9 0.65703125 0.74375 0.0359375 0.05
9 0.74375 0.684375 0.078125 0.10625
9 0.834375 0.53359375 0.1875 0.1921875
9 0.7640625 0.865625 0.15 0.146875
9 0.69140625 0.96875 0.1203125 0.065625
9 0.4734375 0.93515625 0.071875 0.0828125
9 0.5328125 0.734375 0.028125 0.034375
9 0.60703125 0.2140625 0.0515625 0.071875
9 0.68671875 0.2015625 0.0765625 0.09375
9 0.8984375 0.36953125 0.20625 0.1796875
9 0.64609375 0.04765625 0.0421875 0.0484375
9 0.6359375 0.115625 0.0375 0.05625
9 0.71171875 0.125 0.0359375 0.025
9 0.9109375 0.1578125 0.18125 0.278125
