10 0.390625 0.909375 0.21875 0.1125
10 0.546875 0.865625 0.20625 0.075
10 0.36015625 0.7546875 0.1984375 0.065625
10 0.196875 0.78203125 0.1375 0.0515625
10 0.496875 0.7171875 0.103125 0.046875
10 0.68828125 0.81015625 0.0515625 0.0296875
10 0.6515625 0.66328125 0.078125 0.0265625
10 0.69296875 0.72265625 0.0859375 0.0296875
10 0.3640625 0.5828125 0.084375 0.028125
10 0.2578125 0.4765625 0.08125 0.03125
10 0.48828125 0.50625 0.0734375 0.028125
10 0.578125 0.578125 0.059375 0.015625
10 0.61171875 0.62578125 0.0484375 0.0203125
10 0.66875 0.48828125 0.05625 0.0203125
10 0.553125 0.4625 0.071875 0.025
