9 0.68203125 0.09765625 0.2828125 0.1609375
9 0.83515625 0.171875 0.1109375 0.0875
9 0.784375 0.31640625 0.134375 0.1015625
9 0.70546875 0.2671875 0.1015625 0.065625
9 0.51328125 0.19921875 0.1453125 0.1265625
9 0.6140625 0.36796875 0.128125 0.1265625
9 0.7109375 0.496875 0.046875 0.065625
9 0.7109375 0.49609375 0.05 0.0671875
9 0.58671875 0.471875 0.0953125 0.05
9 0.67578125 0.44140625 0.0265625 0.0234375
9 0.82890625 0.63515625 0.1359375 0.1640625
9 0.92890625 0.5578125 0.0859375 0.065625
9 0.72109375 0.5796875 0.0328125 0.034375
9 0.775 0.51328125 0.065625 0.0578125
9 0.69921875 0.4015625 0.0671875 0.05
9 0.83984375 0.5203125 0.1203125 0.0875
9 0.8671875 0.4359375 0.26875 0.146875
9 0.934375 0.78359375 0.075 0.1296875
9 0.8125 0.821875 0.1375 0.15625
9 0.63359375 0.77578125 0.1140625 0.0671875
9 0.49375 0.4078125 0.08125 0.08125
9 0.41953125 0.340625 0.1203125 0.10625
9 0.38203125 0.134375 0.1484375 0.253125
9 0.525 0.025 0.078125 0.04375
9 0.1390625 0.1359375 0.19375 0.209375
9 0.2546875 0.13046875 0.1125 0.1765625
9 0.2265625 0.33984375 0.109375 0.0828125
9 0.29765625 0.5890625 0.1421875 0.175
9 0.39375 0.4609375 0.05625 0.090625
9 0.4828125 0.60859375 0.109375 0.2109375
9 0.7078125 0.6984375 0.05 0.0375
9 0.46640625 0.8328125 0.1765625 0.184375
9 0.29296875 0.87109375 0.1296875 0.2203125
9 0.06484375 0.86640625 0.1265625 0.1421875
9 0.16640625 0.62734375 0.0953125 0.0828125
9 0.10078125 0.5671875 0.0609375 0.053125
