10 0.92421875 0.71953125 0.1546875 0.3390625
10 0.83515625 0.5171875 0.0796875 0.190625
10 0.74453125 0.27265625 0.0953125 0.1640625
10 0.7203125 0.52421875 0.09375 0.1203125
10 0.5875 0.49140625 0.046875 0.1203125
10 0.6515625 0.69921875 0.03125 0.0390625
10 0.4875 0.6640625 0.053125 0.109375
10 0.56640625 0.6703125 0.0828125 0.109375
10 0.53515625 0.81171875 0.0578125 0.1203125
10 0.62265625 0.825 0.0703125 0.096875
10 0.9671875 0.0203125 0.06875 0.0375
10 0.71640625 0.03984375 0.0734375 0.0671875
10 0.59765625 0.0890625 0.0671875 0.09375
10 0.49609375 0.2578125 0.0390625 0.090625
10 0.44453125 0.54921875 0.0328125 0.0828125
10 0.48203125 0.5234375 0.0734375 0.153125
10 0.4078125 0.47265625 0.01875 0.0484375
10 0.44140625 0.3984375 0.0203125 0.059375
10 0.25078125 0.49140625 0.0171875 0.1078125
10 0.32109375 0.5265625 0.0046875 0.05625
10 0.26640625 0.49140625 0.0046875 0.0234375
10 0.29609375 0.621875 0.0046875 0.059375
10 0.340625 0.6515625 0.021875 0.1
10 0.47578125 0.915625 0.0328125 0.0375
10 0.35703125 0.8875 0.1015625 0.225
10 0.340625 0.09453125 0.04375 0.1234375
