10 0.0796875 0.47578125 0.096875 0.2171875
10 0.16171875 0.621875 0.0515625 0.221875
10 0.21953125 0.4140625 0.0453125 0.2
10 0.16328125 0.27578125 0.0546875 0.0984375
10 0.29296875 0.53984375 0.0421875 0.1046875
10 0.23984375 0.7484375 0.0234375 0.05625
10 0.328125 0.7328125 0.015625 0.0875
10 0.3796875 0.69609375 0.021875 0.0453125
10 0.3953125 0.3796875 0.01875 0.08125
10 0.2765625 0.34375 0.015625 0.065625
10 0.4046875 0.63203125 0.015625 0.0421875
10 0.44375 0.590625 0.009375 0.059375
10 0.471875 0.653125 0.009375 0.0375
10 0.55 0.6625 0.009375 0.05625
10 0.4953125 0.4890625 0.015625 0.075
10 0.55546875 0.54453125 0.0109375 0.0609375
