9 0.11796875 0.2375 0.2328125 0.096875
9 0.04453125 0.3484375 0.0859375 0.059375
9 0.31328125 0.384375 0.1703125 0.1125
9 0.14921875 0.465625 0.1578125 0.1625
9 0.45078125 0.34375 0.1546875 0.071875
9 0.403125 0.4296875 0.190625 0.0625
9 0.29140625 0.540625 0.1734375 0.125
9 0.07265625 0.71015625 0.0765625 0.0640625
9 0.1890625 0.7328125 0.20625 0.09375
9 0.0859375 0.8265625 0.05 0.084375
9 0.19609375 0.92734375 0.2140625 0.1484375
9 0.3328125 0.86640625 0.11875 0.0734375
9 0.4140625 0.72890625 0.153125 0.0796875
9 0.409375 0.59296875 0.06875 0.0453125
9 0.50625 0.60234375 0.115625 0.0453125
9 0.54765625 0.4265625 0.1578125 0.06875
9 0.63671875 0.4921875 0.1671875 0.059375
9 0.7109375 0.41328125 0.10625 0.0390625
9 0.7859375 0.49609375 0.0875 0.0453125
9 0.8453125 0.41328125 0.08125 0.0296875
9 0.93671875 0.31328125 0.0921875 0.1390625
9 0.90546875 0.43984375 0.0796875 0.0484375
9 0.96640625 0.51484375 0.0703125 0.1203125
9 0.67109375 0.55625 0.1171875 0.053125
9 0.6234375 0.63359375 0.084375 0.0328125
9 0.60234375 0.73828125 0.1203125 0.0515625
9 0.696875 0.66484375 0.04375 0.0296875
9 0.75546875 0.62734375 0.0890625 0.0359375
9 0.48046875 0.97421875 0.1171875 0.0546875
9 0.5921875 0.9859375 0.103125 0.03125
9 0.63046875 0.93515625 0.1046875 0.0578125
9 0.76484375 0.840625 0.0921875 0.04375
9 0.66484375 0.85390625 0.0734375 0.0515625
9 0.85234375 0.5671875 0.1203125 0.04375
9 0.88984375 0.63828125 0.1234375 0.0515625
