9 0.14765625 0.22734375 0.1390625 0.1546875
9 0.03984375 0.29375 0.0734375 0.121875
9 0.159375 0.41640625 0.140625 0.1609375
9 0.071875 0.5171875 0.078125 0.06875
9 0.3296875 0.2546875 0.109375 0.075
9 0.2671875 0.3390625 0.05 0.0375
9 0.2296875 0.6078125 0.03125 0.05625
9 0.259375 0.53984375 0.121875 0.0671875
9 0.2734375 0.4609375 0.03125 0.03125
9 0.25390625 0.7359375 0.1296875 0.1
9 0.225 0.87890625 0.103125 0.0859375
9 0.3890625 0.92578125 0.28125 0.1515625
9 0.33828125 0.76484375 0.0921875 0.0703125
9 0.41484375 0.65078125 0.1359375 0.1234375
9 0.50703125 0.39375 0.1078125 0.209375
9 0.42421875 0.54609375 0.0921875 0.0546875
9 0.4875 0.20546875 0.18125 0.1171875
9 0.65078125 0.12109375 0.1828125 0.2390625
9 0.68984375 0.3828125 0.1328125 0.184375
9 0.61640625 0.5234375 0.0546875 0.09375
9 0.52578125 0.58671875 0.0796875 0.0921875
9 0.609375 0.64765625 0.121875 0.1046875
9 0.8046875 0.84765625 0.390625 0.3078125
9 0.68046875 0.8578125 0.1390625 0.2875
9 0.5390625 0.8015625 0.140625 0.121875
9 0.55546875 0.97734375 0.0734375 0.0484375
9 0.80078125 0.62265625 0.1015625 0.0921875
9 0.81171875 0.328125 0.0921875 0.078125
9 0.88671875 0.378125 0.0609375 0.046875
9 0.79375 0.40625 0.06875 0.046875
9 0.96328125 0.37265625 0.0453125 0.0453125
9 0.9546875 0.31640625 0.009375 0.0234375
9 0.915625 0.328125 0.01875 0.03125
9 0.8609375 0.06953125 0.28125 0.1359375
9 0.82734375 0.1734375 0.0484375 0.05
9 0.8875 0.16484375 0.025 0.0421875
9 0.9421875 0.1671875 0.05 0.06875
