10 0.92421875 0.52421875 0.0953125 0.2171875
10 0.84375 0.3828125 0.05 0.215625
10 0.78046875 0.59140625 0.0296875 0.1984375
10 0.83984375 0.7265625 0.0546875 0.096875
10 0.72734375 0.66015625 0.0140625 0.0671875
10 0.7125 0.4640625 0.04375 0.103125
10 0.559375 0.41328125 0.01875 0.0578125
10 0.6015625 0.36875 0.015625 0.04375
10 0.62578125 0.3234375 0.0203125 0.078125
10 0.678125 0.27109375 0.015625 0.0890625
10 0.76484375 0.25546875 0.0234375 0.0578125
10 0.534375 0.72578125 0.021875 0.1234375
10 0.609375 0.6203125 0.01875 0.084375
10 0.50859375 0.5140625 0.0140625 0.075
10 0.45625 0.34140625 0.009375 0.0578125
