34 0.4703125 0.46015625 0.9375 0.9171875
34 0.74609375 0.5828125 0.3421875 0.465625
34 0.321875 0.67421875 0.11875 0.1953125
34 0.06953125 0.6703125 0.0859375 0.121875
34 0.14140625 0.68359375 0.0796875 0.1296875
34 0.22421875 0.6953125 0.1046875 0.08125
34 0.97734375 0.72109375 0.0484375 0.1078125
34 0.68203125 0.715625 0.1046875 0.13125
34 0.8625 0.721875 0.06875 0.103125
34 0.89375 0.7234375 0.05625 0.08125
34 0.9328125 0.725 0.059375 0.0875
34 0.6125 0.71953125 0.078125 0.1109375
34 0.81015625 0.725 0.0859375 0.128125
34 0.7609375 0.728125 0.084375 0.1125
34 0.56484375 0.7265625 0.0734375 0.10625
34 0.22578125 0.7265625 0.0703125 0.065625
