34 0.496875 0.465625 0.990625 0.928125
34 0.7359375 0.621875 0.35 0.446875
34 0.34765625 0.64453125 0.1234375 0.1828125
34 0.12578125 0.60859375 0.0890625 0.1171875
34 0.18671875 0.63046875 0.0828125 0.1234375
34 0.259375 0.65078125 0.1 0.0828125
34 0.03125 0.6046875 0.028125 0.109375
34 0.0453125 0.6109375 0.053125 0.109375
34 0.06796875 0.62265625 0.0609375 0.0859375
34 0.9296875 0.77734375 0.075 0.1046875
34 0.66015625 0.73203125 0.1046875 0.1265625
34 0.81796875 0.76171875 0.0703125 0.0984375
34 0.84609375 0.76875 0.0578125 0.078125
34 0.88046875 0.77421875 0.0609375 0.0828125
34 0.596875 0.725 0.08125 0.10625
34 0.77109375 0.7578125 0.0890625 0.121875
34 0.72890625 0.753125 0.0859375 0.109375
34 0.5546875 0.7265625 0.075 0.1
34 0.25625 0.6796875 0.06875 0.065625
