2 0.63046875 0.7296875 0.2515625 0.35
2 0.36015625 0.2453125 0.2140625 0.265625
2 0.78046875 0.4015625 0.2296875 0.31875
2 0.2828125 0.4859375 0.19375 0.225
2 0.59375 0.43828125 0.175 0.2640625
2 0.49609375 0.44609375 0.1265625 0.2171875
2 0.6515625 0.17421875 0.15625 0.2796875
2 0.834375 0.1359375 0.19375 0.25625
2 0.94921875 0.36640625 0.1046875 0.3953125
2 0.48671875 0.68125 0.1296875 0.215625
2 0.37421875 0.68828125 0.1171875 0.2015625
2 0.16015625 0.50625 0.1296875 0.215625
2 0.31328125 0.68125 0.1109375 0.215625
2 0.5375 0.23125 0.146875 0.2375
2 0.20859375 0.278125 0.1234375 0.2375
