2 0.63046875 0.2734375 0.2515625 0.35
2 0.36015625 0.759375 0.2140625 0.265625
2 0.78046875 0.6015625 0.2296875 0.31875
2 0.2828125 0.5171875 0.19375 0.225
2 0.59375 0.56484375 0.175 0.2640625
2 0.49609375 0.55703125 0.1265625 0.2171875
2 0.6515625 0.82890625 0.15625 0.2796875
2 0.834375 0.86875 0.19375 0.25625
2 0.94921875 0.63671875 0.1046875 0.3953125
2 0.48671875 0.321875 0.1296875 0.215625
2 0.37421875 0.31640625 0.1171875 0.2015625
2 0.16015625 0.496875 0.1296875 0.215625
2 0.31328125 0.321875 0.1109375 0.215625
2 0.5375 0.7734375 0.146875 0.2375
2 0.20859375 0.7265625 0.1234375 0.2375
