2 0.140625 0.90703125 0.23125 0.1328125
2 0.40625 0.9203125 0.215625 0.15625
2 0.640625 0.91796875 0.203125 0.1484375
2 0.878125 0.91640625 0.20625 0.1546875
2 0.1515625 0.68828125 0.203125 0.1703125
2 0.39921875 0.6875 0.1859375 0.175
2 0.640625 0.6828125 0.203125 0.15
2 0.87421875 0.69921875 0.2046875 0.1703125
2 0.1515625 0.446875 0.2375 0.146875
2 0.40625 0.4421875 0.215625 0.140625
2 0.6484375 0.44765625 0.2 0.1453125
2 0.8859375 0.45859375 0.196875 0.1609375
2 0.1671875 0.21640625 0.24375 0.1671875
2 0.40078125 0.21796875 0.1953125 0.1640625
2 0.58125 0.2625 0.11875 0.09375
2 0.69453125 0.18828125 0.1078125 0.1109375
2 0.92421875 0.27421875 0.1203125 0.0828125
2 0.921875 0.18359375 0.115625 0.0890625
