2 0.140625 0.09609375 0.23125 0.1328125
2 0.40625 0.0828125 0.215625 0.15625
2 0.640625 0.08515625 0.203125 0.1484375
2 0.878125 0.08828125 0.20625 0.1546875
2 0.1515625 0.31640625 0.203125 0.1703125
2 0.39921875 0.315625 0.1859375 0.175
2 0.640625 0.3203125 0.203125 0.15
2 0.87421875 0.30546875 0.2046875 0.1703125
2 0.1515625 0.5578125 0.2375 0.146875
2 0.40625 0.5625 0.215625 0.140625
2 0.6484375 0.55703125 0.2 0.1453125
2 0.8859375 0.54453125 0.196875 0.1609375
2 0.1671875 0.78671875 0.24375 0.1671875
2 0.40078125 0.78671875 0.1953125 0.1640625
2 0.58125 0.740625 0.11875 0.09375
2 0.69453125 0.81484375 0.1078125 0.1109375
2 0.92421875 0.73046875 0.1203125 0.0828125
2 0.921875 0.82109375 0.115625 0.0890625
