34 0.3515625 0.778125 0.1125 0.075
34 0.20234375 0.778125 0.2203125 0.446875
34 0.58125 0.79609375 0.146875 0.0359375
34 0.90546875 0.8359375 0.0484375 0.096875
34 0.92890625 0.85546875 0.0515625 0.0921875
34 0.9546875 0.8625 0.0375 0.090625
34 0.98515625 0.86171875 0.0328125 0.0890625
34 0.540625 0.48359375 0.88125 0.8703125
34 0.0328125 0.7375 0.0625 0.13125
34 0.09375 0.74375 0.059375 0.11875
34 0.134375 0.74921875 0.071875 0.1109375
34 0.2421875 0.75078125 0.1125 0.1140625
34 0.83671875 0.76484375 0.0984375 0.1078125
