27 0.11707317073170732 0.20934959349593496 0.22439024390243903 0.15853658536585366
27 0.11707317073170732 0.4166666666666667 0.15609756097560976 0.16666666666666666
27 0.11219512195121951 0.6260162601626016 0.16585365853658537 0.17073170731707318
27 0.11951219512195121 0.8333333333333334 0.17073170731707318 0.16260162601626016
27 0.3878048780487805 0.2032520325203252 0.16097560975609757 0.17886178861788618
27 0.3853658536585366 0.40853658536585363 0.13658536585365855 0.15853658536585366
27 0.3853658536585366 0.6260162601626016 0.1951219512195122 0.17073170731707318
27 0.3902439024390244 0.8373983739837398 0.18536585365853658 0.17073170731707318
27 0.6292682926829268 0.20528455284552846 0.1073170731707317 0.16666666666666666
27 0.6317073170731707 0.4186991869918699 0.22926829268292684 0.16260162601626016
27 0.6390243902439025 0.6219512195121951 0.15609756097560976 0.16260162601626016
27 0.6365853658536585 0.8313008130081301 0.12195121951219512 0.17479674796747968
27 0.8951219512195122 0.20934959349593496 0.2097560975609756 0.15853658536585366
27 0.9 0.41260162601626016 0.09268292682926829 0.17479674796747968
27 0.8926829268292683 0.6280487804878049 0.1951219512195122 0.16666666666666666
27 0.9024390243902439 0.8252032520325203 0.16585365853658537 0.17073170731707318
